350 15025.0
349 15090.0
348 15152.0
347 15204.0
346 15251.0
345 15283.0
344 15321.0
343 15423.0
342 15473.0
341 15533.0
340 15573.0
338 15585.0
337 15643.0
336 15683.0
335 15711.0
334 15771.0
333 15805.0
332 15809.0
331 15811.0
330 15875.0
329 15928.0
328 15936.0
327 16009.0
326 16047.0
325 16082.0
324 16118.0
323 16154.0
322 16194.0
321 16238.0
320 16278.0
319 16282.0
318 16303.0
317 16369.0
316 16428.0
315 16505.0
314 16529.0
313 16552.0
312 16628.0
311 16694.0
310 16723.0
309 16761.0
308 16765.0
307 16843.0
306 16891.0
305 16951.0
304 17042.0
303 17102.0
302 17154.0
301 17185.0
300 17250.0
299 17260.0
298 17339.0
297 17399.0
296 17454.0
295 17507.0
293 17578.0
292 17665.0
291 17687.0
290 17730.0
289 17760.0
288 17804.0
287 17870.0
286 17895.0
285 17983.0
284 18003.0
283 18051.0
282 18097.0
281 18155.0
280 18188.0
279 18208.0
278 18250.0
277 18307.0
276 18356.0
275 18399.0
274 18448.0
273 18496.0
272 18523.0
270 18588.0
269 18691.0
268 18748.0
267 18784.0
266 18813.0
265 18856.0
264 18992.0
263 19054.0
262 19127.0
261 19161.0
260 19352.0
259 19533.0
258 19694.0
257 19746.0
256 19801.0
255 19867.0
254 19941.0
253 20033.0
252 20069.0
251 20112.0
250 20232.0
249 20322.0
248 20420.0
247 20458.0
246 20505.0
245 20603.0
244 20684.0
243 20712.0
242 20986.0
241 21155.0
240 21242.0
239 21303.0
238 21446.0
237 21530.0
236 21583.0
235 21818.0
234 21899.0
233 22064.0
232 22143.0
231 22299.0
230 22401.0
229 22408.0
228 22488.0
227 22573.0
226 22672.0
225 22732.0
224 22883.0
223 22937.0
222 22971.0
221 23100.0
220 23143.0
219 23266.0
218 23323.0
217 23426.0
216 23477.0
215 23546.0
214 23600.0
213 23680.0
212 23748.0
211 23889.0
210 24045.0
209 24188.0
208 24264.0
207 24297.0
206 24574.0
205 24703.0
204 24768.0
203 24921.0
202 25004.0
201 25145.0
200 25285.0
199 25385.0
198 25497.0
197 25575.0
196 25748.0
195 25808.0
194 26113.0
193 26419.0
192 26661.0
191 26810.0
190 26976.0
189 27160.0
188 27277.0
187 27468.0
186 27596.0
185 27820.0
184 28162.0
183 28302.0
182 28670.0
181 28953.0
180 29383.0
179 29758.0
178 29971.0
177 30171.0
176 30490.0
175 30606.0
174 30801.0
173 30933.0
172 31121.0
171 31291.0
170 31421.0
169 31642.0
168 31828.0
167 32024.0
166 32111.0
165 32538.0
164 32995.0
163 33195.0
162 33694.0
161 34094.0
160 34454.0
159 34768.0
158 35006.0
157 35200.0
156 35398.0
155 35624.0
154 35712.0
153 36276.0
152 36744.0
151 37310.0
150 37844.0
149 38548.0
148 38946.0
147 39230.0
146 39964.0
145 40282.0
144 40554.0
143 40950.0
142 41234.0
141 41910.0
140 42662.0
139 43536.0
138 43974.0
137 44502.0
136 45324.0
135 46134.0
134 46710.0
133 47598.0
132 48330.0
