349 6709.0
347 6714.0
346 6720.0
345 6725.0
344 6760.0
342 6781.0
341 6787.0
339 6789.0
338 6794.0
336 6809.0
335 6820.0
331 6826.0
330 6841.0
328 6845.0
327 6877.0
326 6895.0
325 6914.0
323 6926.0
319 6929.0
318 6962.0
317 6981.0
316 6984.0
315 6986.0
314 7004.0
313 7037.0
312 7048.0
311 7049.0
310 7073.0
309 7099.0
307 7104.0
306 7108.0
305 7130.0
304 7133.0
303 7145.0
302 7157.0
301 7160.0
300 7173.0
299 7182.0
298 7185.0
294 7192.0
293 7193.0
292 7207.0
291 7232.0
290 7248.0
289 7256.0
288 7273.0
287 7284.0
286 7321.0
285 7327.0
284 7360.0
283 7412.0
282 7486.0
281 7570.0
280 7598.0
279 7621.0
277 7642.0
275 7648.0
274 7658.0
273 7664.0
272 7674.0
271 7687.0
270 7702.0
269 7716.0
268 7719.0
267 7726.0
266 7736.0
265 7747.0
264 7750.0
263 7765.0
262 7773.0
261 7775.0
260 7781.0
259 7791.0
256 7815.0
255 7825.0
253 7830.0
251 7841.0
250 7854.0
248 7863.0
247 7883.0
246 7889.0
245 7904.0
244 7920.0
243 7931.0
242 7944.0
240 7963.0
239 7979.0
238 7986.0
237 7999.0
236 8002.0
235 8021.0
234 8022.0
233 8085.0
232 8104.0
231 8121.0
230 8129.0
229 8142.0
228 8150.0
227 8153.0
226 8154.0
225 8170.0
224 8225.0
223 8244.0
222 8255.0
221 8262.0
220 8283.0
219 8287.0
218 8301.0
216 8309.0
215 8330.0
214 8343.0
213 8345.0
212 8402.0
211 8419.0
210 8425.0
209 8448.0
207 8501.0
206 8519.0
205 8549.0
204 8551.0
203 8562.0
202 8581.0
201 8587.0
200 8600.0
199 8611.0
198 8614.0
197 8630.0
196 8642.0
195 8715.0
194 8724.0
193 8775.0
192 8825.0
191 8854.0
190 8871.0
189 8898.0
188 8910.0
187 8945.0
186 8966.0
185 8970.0
184 8997.0
183 9053.0
182 9059.0
181 9092.0
180 9121.0
179 9124.0
178 9144.0
177 9158.0
176 9167.0
175 9173.0
174 9179.0
173 9189.0
172 9244.0
171 9252.0
170 9272.0
169 9278.0
168 9298.0
167 9301.0
166 9426.0
165 9511.0
164 9515.0
163 9557.0
162 9620.0
161 9624.0
160 9639.0
159 9659.0
158 9662.0
157 9767.0
156 9824.0
155 9932.0
154 9974.0
153 10039.0
152 10069.0
151 10110.0
150 10181.0
149 10209.0
148 10230.0
147 10248.0
146 10251.0
145 10271.0
144 10275.0
143 10297.0
142 10353.0
141 10358.0
139 10407.0
138 10462.0
137 10468.0
136 10510.0
135 10523.0
134 10537.0
133 10610.0
132 10621.0
131 10658.0
130 10675.0
129 10812.0
128 10904.0
127 10935.0
126 10938.0
125 10957.0
124 10979.0
123 10992.0
122 11053.0
121 11152.0
120 11236.0
119 11284.0
118 11298.0
117 11347.0
116 11353.0
115 11368.0
114 11395.0
113 11404.0
112 11481.0
111 11530.0
110 11599.0
109 11637.0
108 11680.0
107 11722.0
106 11731.0
105 11826.0
104 12094.0
103 12233.0
102 12257.0
101 12482.0
100 12527.0
99 12659.0
98 12792.0
97 12841.0
96 12926.0
95 13037.0
94 13111.0
93 13355.0
92 13587.0
91 13826.0
90 14084.0
89 14196.0
88 14238.0
87 14495.0
86 14596.0
85 14755.0
84 14849.0
83 14956.0
82 15067.0
81 15177.0
80 15263.0
79 15382.0
78 15497.0
77 15558.0
76 15895.0
75 16347.0
74 16705.0
73 17127.0
72 17673.0
71 18087.0
70 18509.0
69 18890.0
68 19041.0
67 19309.0
66 19778.0
65 20369.0
64 20579.0
63 20995.0
62 21838.0
61 22420.0
60 23272.0
